LabVIEW Measurement	
Writer_Version	2
Reader_Version	2
Separator	Tab
Decimal_Separator	.
Multi_Headings	Yes
X_Columns	No
Time_Pref	Relative
Operator	lvuser
Date	2025/09/11
Time	23:04:29.7680940000000000545
***End_of_Header***	
	
Channels	1	
Samples	640	
Date	2025/09/11	
Time	23:04:29.7680940000000000545	
X_Dimension	Time	
X0	0.0000000000000000E+0	
Delta_X	1.000000	
***End_of_Header***		
X_Value	time	Comment
	0.000000
	0.010000
	0.020000
	0.030000
	0.040000
	0.050000
	0.060000
	0.070000
	0.080000
	0.090000
	0.100000
	0.110000
	0.120000
	0.130000
	0.140000
	0.150000
	0.160000
	0.170000
	0.180000
	0.190000
	0.200000
	0.210000
	0.220000
	0.230000
	0.240000
	0.250000
	0.260000
	0.270000
	0.280000
	0.290000
	0.300000
	0.310000
	0.320000
	0.330000
	0.340000
	0.350000
	0.360000
	0.370000
	0.380000
	0.390000
	0.400000
	0.410000
	0.420000
	0.430000
	0.440000
	0.450000
	0.460000
	0.470000
	0.480000
	0.490000
	0.500000
	0.510000
	0.520000
	0.530000
	0.540000
	0.550000
	0.560000
	0.570000
	0.580000
	0.590000
	0.600000
	0.610000
	0.620000
	0.630000
	0.640000
	0.650000
	0.660000
	0.670000
	0.680000
	0.690000
	0.700000
	0.710000
	0.720000
	0.730000
	0.740000
	0.750000
	0.760000
	0.770000
	0.780000
	0.790000
	0.800000
	0.810000
	0.820000
	0.830000
	0.840000
	0.850000
	0.860000
	0.870000
	0.880000
	0.890000
	0.900000
	0.910000
	0.920000
	0.930000
	0.940000
	0.950000
	0.960000
	0.970000
	0.980000
	0.990000
	1.000000
	1.010000
	1.020000
	1.030000
	1.040000
	1.050000
	1.060000
	1.070000
	1.080000
	1.090000
	1.100000
	1.110000
	1.120000
	1.130000
	1.140000
	1.150000
	1.160000
	1.170000
	1.180000
	1.190000
	1.200000
	1.210000
	1.220000
	1.230000
	1.240000
	1.250000
	1.260000
	1.270000
	1.280000
	1.290000
	1.300000
	1.310000
	1.320000
	1.330000
	1.340000
	1.350000
	1.360000
	1.370000
	1.380000
	1.390000
	1.400000
	1.410000
	1.420000
	1.430000
	1.440000
	1.450000
	1.460000
	1.470000
	1.480000
	1.490000
	1.500000
	1.510000
	1.520000
	1.530000
	1.540000
	1.550000
	1.560000
	1.570000
	1.580000
	1.590000
	1.600000
	1.610000
	1.620000
	1.630000
	1.640000
	1.650000
	1.660000
	1.670000
	1.680000
	1.690000
	1.700000
	1.710000
	1.720000
	1.730000
	1.740000
	1.750000
	1.760000
	1.770000
	1.780000
	1.790000
	1.800000
	1.810000
	1.820000
	1.830000
	1.840000
	1.850000
	1.860000
	1.870000
	1.880000
	1.890000
	1.900000
	1.910000
	1.920000
	1.930000
	1.940000
	1.950000
	1.960000
	1.970000
	1.980000
	1.990000
	2.000000
	2.010000
	2.020000
	2.030000
	2.040000
	2.050000
	2.060000
	2.070000
	2.080000
	2.090000
	2.100000
	2.110000
	2.120000
	2.130000
	2.140000
	2.150000
	2.160000
	2.170000
	2.180000
	2.190000
	2.200000
	2.210000
	2.220000
	2.230000
	2.240000
	2.250000
	2.260000
	2.270000
	2.280000
	2.290000
	2.300000
	2.310000
	2.320000
	2.330000
	2.340000
	2.350000
	2.360000
	2.370000
	2.380000
	2.390000
	2.400000
	2.410000
	2.420000
	2.430000
	2.440000
	2.450000
	2.460000
	2.470000
	2.480000
	2.490000
	2.500000
	2.510000
	2.520000
	2.530000
	2.540000
	2.550000
	2.560000
	2.570000
	2.580000
	2.590000
	2.600000
	2.610000
	2.620000
	2.630000
	2.640000
	2.650000
	2.660000
	2.670000
	2.680000
	2.690000
	2.700000
	2.710000
	2.720000
	2.730000
	2.740000
	2.750000
	2.760000
	2.770000
	2.780000
	2.790000
	2.800000
	2.810000
	2.820000
	2.830000
	2.840000
	2.850000
	2.860000
	2.870000
	2.880000
	2.890000
	2.900000
	2.910000
	2.920000
	2.930000
	2.940000
	2.950000
	2.960000
	2.970000
	2.980000
	2.990000
	3.000000
	3.010000
	3.020000
	3.030000
	3.040000
	3.050000
	3.060000
	3.070000
	3.080000
	3.090000
	3.100000
	3.110000
	3.120000
	3.130000
	3.140000
	3.150000
	3.160000
	3.170000
	3.180000
	3.190000
	3.200000
	3.210000
	3.220000
	3.230000
	3.240000
	3.250000
	3.260000
	3.270000
	3.280000
	3.290000
	3.300000
	3.310000
	3.320000
	3.330000
	3.340000
	3.350000
	3.360000
	3.370000
	3.380000
	3.390000
	3.400000
	3.410000
	3.420000
	3.430000
	3.440000
	3.450000
	3.460000
	3.470000
	3.480000
	3.490000
	3.500000
	3.510000
	3.520000
	3.530000
	3.540000
	3.550000
	3.560000
	3.570000
	3.580000
	3.590000
	3.600000
	3.610000
	3.620000
	3.630000
	3.640000
	3.650000
	3.660000
	3.670000
	3.680000
	3.690000
	3.700000
	3.710000
	3.720000
	3.730000
	3.740000
	3.750000
	3.760000
	3.770000
	3.780000
	3.790000
	3.800000
	3.810000
	3.820000
	3.830000
	3.840000
	3.850000
	3.860000
	3.870000
	3.880000
	3.890000
	3.900000
	3.910000
	3.920000
	3.930000
	3.940000
	3.950000
	3.960000
	3.970000
	3.980000
	3.990000
	4.000000
	4.010000
	4.020000
	4.030000
	4.040000
	4.050000
	4.060000
	4.070000
	4.080000
	4.090000
	4.100000
	4.110000
	4.120000
	4.130000
	4.140000
	4.150000
	4.160000
	4.170000
	4.180000
	4.190000
	4.200000
	4.210000
	4.220000
	4.230000
	4.240000
	4.250000
	4.260000
	4.270000
	4.280000
	4.290000
	4.300000
	4.310000
	4.320000
	4.330000
	4.340000
	4.350000
	4.360000
	4.370000
	4.380000
	4.390000
	4.400000
	4.410000
	4.420000
	4.430000
	4.440000
	4.450000
	4.460000
	4.470000
	4.480000
	4.490000
	4.500000
	4.510000
	4.520000
	4.530000
	4.540000
	4.550000
	4.560000
	4.570000
	4.580000
	4.590000
	4.600000
	4.610000
	4.620000
	4.630000
	4.640000
	4.650000
	4.660000
	4.670000
	4.680000
	4.690000
	4.700000
	4.710000
	4.720000
	4.730000
	4.740000
	4.750000
	4.760000
	4.770000
	4.780000
	4.790000
	4.800000
	4.810000
	4.820000
	4.830000
	4.840000
	4.850000
	4.860000
	4.870000
	4.880000
	4.890000
	4.900000
	4.910000
	4.920000
	4.930000
	4.940000
	4.950000
	4.960000
	4.970000
	4.980000
	4.990000
	5.000000
	5.010000
	5.020000
	5.030000
	5.040000
	5.050000
	5.060000
	5.070000
	5.080000
	5.090000
	5.100000
	5.110000
	5.120000
	5.130000
	5.140000
	5.150000
	5.160000
	5.170000
	5.180000
	5.190000
	5.200000
	5.210000
	5.220000
	5.230000
	5.240000
	5.250000
	5.260000
	5.270000
	5.280000
	5.290000
	5.300000
	5.310000
	5.320000
	5.330000
	5.340000
	5.350000
	5.360000
	5.370000
	5.380000
	5.390000
	5.400000
	5.410000
	5.420000
	5.430000
	5.440000
	5.450000
	5.460000
	5.470000
	5.480000
	5.490000
	5.500000
	5.510000
	5.520000
	5.530000
	5.540000
	5.550000
	5.560000
	5.570000
	5.580000
	5.590000
	5.600000
	5.610000
	5.620000
	5.630000
	5.640000
	5.650000
	5.660000
	5.670000
	5.680000
	5.690000
	5.700000
	5.710000
	5.720000
	5.730000
	5.740000
	5.750000
	5.760000
	5.770000
	5.780000
	5.790000
	5.800000
	5.810000
	5.820000
	5.830000
	5.840000
	5.850000
	5.860000
	5.870000
	5.880000
	5.890000
	5.900000
	5.910000
	5.920000
	5.930000
	5.940000
	5.950000
	5.960000
	5.970000
	5.980000
	5.990000
	6.000000
	6.010000
	6.020000
	6.030000
	6.040000
	6.050000
	6.060000
	6.070000
	6.080000
	6.090000
	6.100000
	6.110000
	6.120000
	6.130000
	6.140000
	6.150000
	6.160000
	6.170000
	6.180000
	6.190000
	6.200000
	6.210000
	6.220000
	6.230000
	6.240000
	6.250000
	6.260000
	6.270000
	6.280000
	6.290000
	6.300000
	6.310000
	6.320000
	6.330000
	6.340000
	6.350000
	6.360000
	6.370000
	6.380000
	6.390000

Channels	1	
Samples	640	
Date	2025/09/11	
Time	23:04:29.7975309999999999899	
X_Dimension	Time	
X0	0.0000000000000000E+0	
Delta_X	1.000000	
***End_of_Header***		
X_Value	Untitled	Comment
	1.000000
	1.000000
	1.000000
	1.000000
	1.000000
	1.000000
	1.000000
	1.000000
	1.000000
	1.000000
	1.000000
	1.000000
	1.000000
	1.000000
	1.000000
	1.000000
	1.000000
	1.000000
	1.000000
	1.000000
	1.000000
	1.000000
	1.000000
	1.000000
	1.000000
	1.000000
	1.000000
	1.000000
	1.000000
	1.000000
	1.000000
	1.000000
	1.000000
	1.000000
	1.000000
	1.000000
	1.000000
	1.000000
	1.000000
	1.000000
	1.000000
	1.000000
	1.000000
	1.000000
	1.000000
	1.000000
	1.000000
	1.000000
	1.000000
	1.000000
	1.000000
	1.000000
	1.000000
	1.000000
	1.000000
	1.000000
	1.000000
	1.000000
	1.000000
	1.000000
	1.000000
	1.000000
	1.000000
	1.000000
	1.000000
	1.000000
	1.000000
	1.000000
	1.000000
	1.000000
	1.000000
	1.000000
	1.000000
	1.000000
	1.000000
	1.000000
	1.000000
	1.000000
	1.000000
	1.000000
	1.000000
	1.000000
	1.000000
	1.000000
	1.000000
	1.000000
	1.000000
	1.000000
	1.000000
	1.000000
	1.000000
	1.000000
	1.000000
	1.000000
	1.000000
	1.000000
	1.000000
	1.000000
	1.000000
	1.000000
	1.000000
	1.000000
	1.000000
	1.000000
	1.000000
	1.000000
	1.000000
	1.000000
	1.000000
	1.000000
	1.000000
	1.000000
	1.000000
	1.000000
	1.000000
	1.000000
	1.000000
	1.000000
	1.000000
	1.000000
	1.000000
	1.000000
	1.000000
	1.000000
	1.000000
	1.000000
	1.000000
	1.000000
	1.000000
	1.000000
	1.000000
	1.000000
	1.000000
	1.000000
	1.000000
	1.000000
	1.000000
	1.000000
	1.000000
	1.000000
	1.000000
	1.000000
	1.000000
	1.000000
	1.000000
	1.000000
	1.000000
	1.000000
	1.000000
	1.000000
	1.000000
	1.000000
	1.000000
	1.000000
	1.000000
	1.000000
	1.000000
	1.000000
	1.000000
	1.000000
	1.000000
	1.000000
	1.000000
	1.000000
	1.000000
	1.000000
	1.000000
	1.000000
	1.000000
	1.000000
	1.000000
	1.000000
	1.000000
	1.000000
	1.000000
	1.000000
	1.000000
	1.000000
	1.000000
	1.000000
	1.000000
	1.000000
	1.000000
	1.000000
	1.000000
	1.000000
	1.000000
	1.000000
	1.000000
	1.000000
	1.000000
	1.000000
	1.000000
	1.000000
	1.000000
	1.000000
	1.000000
	1.000000
	1.000000
	1.000000
	1.000000
	1.000000
	1.000000
	1.000000
	1.000000
	1.000000
	1.000000
	1.000000
	1.000000
	1.000000
	1.000000
	1.000000
	1.000000
	1.000000
	1.000000
	1.000000
	1.000000
	1.000000
	1.000000
	1.000000
	1.000000
	1.000000
	1.000000
	1.000000
	1.000000
	1.000000
	1.000000
	1.000000
	1.000000
	1.000000
	1.000000
	1.000000
	1.000000
	1.000000
	1.000000
	1.000000
	1.000000
	1.000000
	1.000000
	1.000000
	1.000000
	1.000000
	1.000000
	1.000000
	1.000000
	1.000000
	1.000000
	1.000000
	1.000000
	1.000000
	1.000000
	1.000000
	1.000000
	1.000000
	1.000000
	1.000000
	1.000000
	1.000000
	1.000000
	1.000000
	1.000000
	1.000000
	1.000000
	1.000000
	1.000000
	1.000000
	1.000000
	1.000000
	1.000000
	1.000000
	1.000000
	1.000000
	1.000000
	1.000000
	1.000000
	1.000000
	1.000000
	1.000000
	1.000000
	1.000000
	1.000000
	1.000000
	1.000000
	1.000000
	1.000000
	1.000000
	1.000000
	1.000000
	1.000000
	1.000000
	1.000000
	1.000000
	1.000000
	1.000000
	1.000000
	1.000000
	1.000000
	1.000000
	1.000000
	1.000000
	1.000000
	1.000000
	1.000000
	1.000000
	1.000000
	1.000000
	1.000000
	1.000000
	1.000000
	1.000000
	1.000000
	1.000000
	1.000000
	1.000000
	1.000000
	1.000000
	1.000000
	1.000000
	1.000000
	1.000000
	1.000000
	1.000000
	1.000000
	1.000000
	1.000000
	1.000000
	1.000000
	1.000000
	1.000000
	1.000000
	1.000000
	1.000000
	1.000000
	1.000000
	1.000000
	1.000000
	1.000000
	1.000000
	1.000000
	1.000000
	1.000000
	1.000000
	1.000000
	1.000000
	1.000000
	1.000000
	1.000000
	1.000000
	1.000000
	1.000000
	1.000000
	1.000000
	1.000000
	1.000000
	1.000000
	1.000000
	1.000000
	1.000000
	1.000000
	1.000000
	1.000000
	1.000000
	1.000000
	1.000000
	1.000000
	1.000000
	1.000000
	1.000000
	1.000000
	1.000000
	1.000000
	1.000000
	1.000000
	1.000000
	1.000000
	1.000000
	1.000000
	1.000000
	1.000000
	1.000000
	1.000000
	1.000000
	1.000000
	1.000000
	1.000000
	1.000000
	1.000000
	1.000000
	1.000000
	1.000000
	1.000000
	1.000000
	1.000000
	1.000000
	1.000000
	1.000000
	1.000000
	1.000000
	1.000000
	1.000000
	1.000000
	1.000000
	1.000000
	1.000000
	1.000000
	1.000000
	1.000000
	1.000000
	1.000000
	1.000000
	1.000000
	1.000000
	1.000000
	1.000000
	1.000000
	1.000000
	1.000000
	1.000000
	1.000000
	1.000000
	1.000000
	1.000000
	1.000000
	1.000000
	1.000000
	1.000000
	1.000000
	1.000000
	1.000000
	1.000000
	1.000000
	1.000000
	1.000000
	1.000000
	1.000000
	1.000000
	1.000000
	1.000000
	1.000000
	1.000000
	1.000000
	1.000000
	1.000000
	1.000000
	1.000000
	1.000000
	1.000000
	1.000000
	1.000000
	1.000000
	1.000000
	1.000000
	1.000000
	1.000000
	1.000000
	1.000000
	1.000000
	1.000000
	1.000000
	1.000000
	1.000000
	1.000000
	1.000000
	1.000000
	1.000000
	1.000000
	1.000000
	1.000000
	1.000000
	1.000000
	1.000000
	1.000000
	1.000000
	1.000000
	1.000000
	1.000000
	1.000000
	1.000000
	1.000000
	1.000000
	1.000000
	1.000000
	1.000000
	1.000000
	1.000000
	1.000000
	1.000000
	1.000000
	1.000000
	1.000000
	1.000000
	1.000000
	1.000000
	1.000000
	1.000000
	1.000000
	1.000000
	1.000000
	1.000000
	1.000000
	1.000000
	1.000000
	1.000000
	1.000000
	1.000000
	1.000000
	1.000000
	1.000000
	1.000000
	1.000000
	1.000000
	1.000000
	1.000000
	1.000000
	1.000000
	1.000000
	1.000000
	1.000000
	1.000000
	1.000000
	1.000000
	1.000000
	1.000000
	1.000000
	1.000000
	1.000000
	1.000000
	1.000000
	1.000000
	1.000000
	1.000000
	1.000000
	1.000000
	1.000000
	1.000000
	1.000000
	1.000000
	1.000000
	1.000000
	1.000000
	1.000000
	1.000000
	1.000000
	1.000000
	1.000000
	1.000000
	1.000000
	1.000000
	1.000000
	1.000000
	1.000000
	1.000000
	1.000000
	1.000000
	1.000000
	1.000000
	1.000000
	1.000000
	1.000000
	1.000000
	1.000000
	1.000000
	1.000000
	1.000000
	1.000000
	1.000000
	1.000000
	1.000000
	1.000000
	1.000000
	1.000000
	1.000000
	1.000000
	1.000000
	1.000000
	1.000000
	1.000000
	1.000000
	1.000000
	1.000000
	1.000000
	1.000000
	1.000000
	1.000000
	1.000000
	1.000000
	1.000000
	1.000000
	1.000000
	1.000000
	1.000000
	1.000000
	1.000000
	1.000000
	1.000000
	1.000000
	1.000000
	1.000000
	1.000000
	1.000000
	1.000000
	1.000000
	1.000000
	1.000000
	1.000000
	1.000000
	1.000000
	1.000000
	1.000000
	1.000000
	1.000000
	1.000000
	1.000000
	1.000000
	1.000000
	1.000000
	1.000000
	1.000000
	1.000000
	1.000000
	1.000000
	1.000000
	1.000000
	1.000000
	1.000000
	1.000000
	1.000000
	1.000000
	1.000000
	1.000000
	1.000000
	1.000000
	1.000000
	1.000000
	1.000000
	1.000000
	1.000000
	1.000000
	1.000000
	1.000000

Channels	1	
Samples	640	
Date	2025/09/11	
Time	23:04:29.8253209999999999713	
X_Dimension	Time	
X0	2.7789999999999981E-2	
Delta_X	1.000000	
***End_of_Header***		
X_Value	Untitled	Comment
	-0.009766
	-0.004883
	0.004883
	0.014648
	0.024414
	0.034180
	0.043945
	0.048828
	0.058594
	0.068359
	0.078125
	0.083008
	0.092773
	0.097656
	0.112305
	0.117188
	0.122070
	0.136719
	0.146484
	0.151367
	0.156250
	0.161133
	0.170898
	0.175781
	0.190430
	0.195313
	0.200195
	0.209961
	0.214844
	0.224609
	0.229492
	0.239258
	0.249023
	0.249023
	0.258789
	0.263672
	0.273438
	0.278320
	0.283203
	0.292969
	0.297852
	0.302734
	0.307617
	0.312500
	0.322266
	0.327148
	0.327148
	0.336914
	0.346680
	0.351563
	0.356445
	0.361328
	0.366211
	0.371094
	0.380859
	0.385742
	0.385742
	0.395508
	0.405273
	0.410156
	0.410156
	0.415039
	0.419922
	0.424805
	0.434570
	0.434570
	0.439453
	0.444336
	0.454102
	0.458984
	0.458984
	0.468750
	0.473633
	0.478516
	0.483398
	0.483398
	0.493164
	0.493164
	0.498047
	0.502930
	0.507813
	0.512695
	0.517578
	0.522461
	0.527344
	0.522461
	0.537109
	0.537109
	0.541992
	0.546875
	0.546875
	0.551758
	0.561523
	0.561523
	0.566406
	0.571289
	0.571289
	0.576172
	0.581055
	0.581055
	0.590820
	0.590820
	0.595703
	0.595703
	0.600586
	0.600586
	0.605469
	0.610352
	0.615234
	0.620117
	0.620117
	0.625000
	0.625000
	0.629883
	0.634766
	0.639649
	0.639649
	0.644531
	0.649414
	0.649414
	0.654297
	0.659180
	0.659180
	0.664063
	0.664063
	0.668945
	0.668945
	0.673828
	0.673828
	0.678711
	0.683594
	0.683594
	0.688477
	0.688477
	0.693359
	0.693359
	0.698242
	0.703125
	0.698242
	0.708008
	0.708008
	0.712891
	0.708008
	0.712891
	0.717774
	0.717774
	0.722656
	0.727539
	0.722656
	0.727539
	0.732422
	0.732422
	0.737305
	0.737305
	0.737305
	0.747070
	0.747070
	0.747070
	0.747070
	0.751953
	0.751953
	0.751953
	0.761719
	0.761719
	0.761719
	0.766602
	0.761719
	0.771484
	0.771484
	0.771484
	0.776367
	0.776367
	0.776367
	0.776367
	0.781250
	0.781250
	0.786133
	0.786133
	0.786133
	0.791016
	0.791016
	0.791016
	0.791016
	0.795899
	0.795899
	0.800781
	0.800781
	0.800781
	0.805664
	0.805664
	0.800781
	0.810547
	0.810547
	0.810547
	0.815430
	0.815430
	0.815430
	0.820313
	0.815430
	0.825195
	0.825195
	0.825195
	0.830078
	0.825195
	0.830078
	0.830078
	0.830078
	0.834961
	0.830078
	0.834961
	0.839844
	0.839844
	0.839844
	0.839844
	0.844727
	0.839844
	0.844727
	0.844727
	0.849609
	0.849609
	0.849609
	0.854492
	0.849609
	0.854492
	0.849609
	0.859375
	0.859375
	0.859375
	0.859375
	0.859375
	0.859375
	0.864258
	0.864258
	0.864258
	0.869141
	0.869141
	0.869141
	0.869141
	0.869141
	0.869141
	0.869141
	0.869141
	0.874024
	0.874024
	0.878906
	0.874024
	0.878906
	0.878906
	0.878906
	0.878906
	0.878906
	0.878906
	0.883789
	0.878906
	0.883789
	0.888672
	0.888672
	0.883789
	0.888672
	0.888672
	0.888672
	0.888672
	0.888672
	0.893555
	0.893555
	0.893555
	0.893555
	0.893555
	0.898438
	0.898438
	0.893555
	0.898438
	0.898438
	0.898438
	0.898438
	0.903320
	0.898438
	0.903320
	0.903320
	0.903320
	0.903320
	0.903320
	0.908203
	0.908203
	0.908203
	0.908203
	0.908203
	0.908203
	0.913086
	0.908203
	0.913086
	0.913086
	0.913086
	0.913086
	0.913086
	0.917969
	0.913086
	0.913086
	0.917969
	0.917969
	0.917969
	0.917969
	0.917969
	0.917969
	0.922852
	0.917969
	0.922852
	0.922852
	0.922852
	0.927734
	0.922852
	0.922852
	0.922852
	0.927734
	0.927734
	0.927734
	0.927734
	0.922852
	0.927734
	0.927734
	0.927734
	0.932617
	0.927734
	0.927734
	0.932617
	0.932617
	0.932617
	0.932617
	0.932617
	0.932617
	0.932617
	0.937500
	0.932617
	0.932617
	0.937500
	0.932617
	0.937500
	0.937500
	0.937500
	0.937500
	0.937500
	0.937500
	0.937500
	0.942383
	0.937500
	0.937500
	0.942383
	0.937500
	0.942383
	0.942383
	0.937500
	0.942383
	0.942383
	0.937500
	0.942383
	0.942383
	0.942383
	0.947266
	0.942383
	0.947266
	0.942383
	0.947266
	0.947266
	0.947266
	0.947266
	0.947266
	0.947266
	0.947266
	0.952149
	0.947266
	0.947266
	0.947266
	0.952149
	0.947266
	0.947266
	0.952149
	0.952149
	0.947266
	0.952149
	0.952149
	0.947266
	0.952149
	0.952149
	0.952149
	0.952149
	0.952149
	0.952149
	0.947266
	0.957031
	0.952149
	0.952149
	0.952149
	0.952149
	0.957031
	0.952149
	0.952149
	0.957031
	0.957031
	0.952149
	0.952149
	0.957031
	0.957031
	0.957031
	0.957031
	0.952149
	0.961914
	0.957031
	0.957031
	0.957031
	0.957031
	0.957031
	0.961914
	0.961914
	0.961914
	0.961914
	0.957031
	0.961914
	0.957031
	0.961914
	0.961914
	0.961914
	0.961914
	0.961914
	0.957031
	0.961914
	0.961914
	0.961914
	0.961914
	0.961914
	0.961914
	0.961914
	0.961914
	0.961914
	0.961914
	0.961914
	0.961914
	0.961914
	0.961914
	0.961914
	0.966797
	0.966797
	0.961914
	0.961914
	0.961914
	0.966797
	0.966797
	0.961914
	0.966797
	0.966797
	0.966797
	0.961914
	0.966797
	0.966797
	0.966797
	0.966797
	0.966797
	0.966797
	0.971680
	0.966797
	0.966797
	0.966797
	0.966797
	0.966797
	0.966797
	0.966797
	0.966797
	0.966797
	0.966797
	0.971680
	0.966797
	0.971680
	0.971680
	0.966797
	0.971680
	0.966797
	0.966797
	0.971680
	0.966797
	0.966797
	0.966797
	0.971680
	0.971680
	0.966797
	0.971680
	0.966797
	0.971680
	0.971680
	0.971680
	0.971680
	0.966797
	0.971680
	0.971680
	0.971680
	0.971680
	0.976563
	0.971680
	0.971680
	0.971680
	0.971680
	0.971680
	0.971680
	0.976563
	0.971680
	0.971680
	0.971680
	0.971680
	0.971680
	0.971680
	0.971680
	0.971680
	0.971680
	0.976563
	0.971680
	0.971680
	0.976563
	0.971680
	0.971680
	0.976563
	0.971680
	0.971680
	0.976563
	0.971680
	0.976563
	0.976563
	0.971680
	0.976563
	0.976563
	0.976563
	0.976563
	0.976563
	0.976563
	0.976563
	0.976563
	0.971680
	0.976563
	0.971680
	0.976563
	0.971680
	0.976563
	0.976563
	0.976563
	0.971680
	0.976563
	0.976563
	0.976563
	0.971680
	0.976563
	0.976563
	0.981445
	0.976563
	0.971680
	0.976563
	0.976563
	0.976563
	0.976563
	0.976563
	0.976563
	0.976563
	0.976563
	0.976563
	0.981445
	0.976563
	0.976563
	0.976563
	0.981445
	0.976563
	0.976563
	0.976563
	0.976563
	0.981445
	0.976563
	0.976563
	0.976563
	0.976563
	0.976563
	0.976563
	0.976563
	0.981445
	0.976563
	0.981445
	0.976563
	0.981445
	0.976563
	0.981445
	0.976563
	0.976563
	0.976563
	0.976563
	0.976563
	0.976563
	0.976563
	0.976563
	0.976563
	0.976563
	0.981445
	0.976563
	0.981445
	0.976563
	0.976563
	0.981445
	0.976563
	0.976563
	0.981445
	0.976563
	0.976563
	0.976563
	0.981445
	0.976563
	0.981445
	0.976563
	0.981445
	0.976563
	0.981445
	0.976563
	0.976563
	0.981445
	0.976563
	0.976563
	0.981445
	0.976563
	0.981445
	0.981445
	0.976563
	0.981445
	0.981445
	0.981445
	0.976563
	0.981445
	0.981445
	0.976563
	0.981445
	0.981445
	0.981445
	0.981445
	0.981445
	0.981445
	0.976563
	0.981445
	0.981445
	0.976563

